%YAML 1.0
---

#--------------------------------------------------------------------------------------------
# Camera Parameters. Adjust them!
#--------------------------------------------------------------------------------------------

Camera.topic_left: /usb_cam/image_raw
Camera.topic_right: /usb_cam/image_raw

Camera.model_left: fisheye
Camera.model_right: fisheye

Camera.left_nwidth: 1280
Camera.left_nheight: 960

Camera.right_nwidth: 1280
Camera.right_nheight: 960

# Camera calibration and distortion parameters (OpenCV) 
Camera.fxl: 677.147
Camera.fyl: 677.348
Camera.cxl: 632.705
Camera.cyl: 502.317

Camera.k1l: -0.01642748364
Camera.k2l: 0.0192921420
Camera.p1l: -0.024398546485
Camera.p2l: 0.0154942460862

Camera.fxr: 677.147
Camera.fyr: 677.348
Camera.cxr: 632.705
Camera.cyr: 502.317

Camera.k1r: -0.01642748364
Camera.k2r: 0.0192921420
Camera.p1r: -0.024398546485
Camera.p2r: 0.0154942460862

# Camera Extrinsic parameters T_b_ci ( v_b = T_b_ci * v_ci )
body_T_cam0: !!opencv-matrix
   rows: 4
   cols: 4
   dt: d
   data: [ 4.9160022284921556e-02, -5.1573149250153549e-02, -9.9745852168667537e-01, -4.7569963966224725e-02,
           9.9738151811421571e-01, -5.0500030382059524e-02, 5.1767308753631724e-02, -8.2428787354902111e-02,
           -5.3041488790651015e-02, -9.9739157666777634e-01, 4.8955523274077706e-02, -1.2574466987506736e-01,
           0., 0., 0., 1. ]

body_T_cam1: !!opencv-matrix
   rows: 4
   cols: 4
   dt: d
   data: [ 4.9160022284921556e-02, -5.1573149250153549e-02, -9.9745852168667537e-01, -4.7569963966224725e-02,
           9.9738151811421571e-01, -5.0500030382059524e-02, 5.1767308753631724e-02, -8.2428787354902111e-02,
           -5.3041488790651015e-02, -9.9739157666777634e-01, 4.8955523274077706e-02, -1.2574466987506736e-01,
           0., 0., 0., 1. ]

#--------------------------------------------------------------------------------------------
# SLAM Parameters. Adjust them!
#--------------------------------------------------------------------------------------------
debug: 0
log_timings: 0

mono: 1
stereo: 0

force_realtime: 1

# Estimator Mode
slam_mode: 1

# Loop Closing mode
buse_loop_closer: 0

# Stereo rectify or not
bdo_stereo_rect: 0
alpha: 0.

# Undist Image or not
bdo_undist: 0

# Init / KF px th.
finit_parallax: 20.

# Features Extractor
use_shi_tomasi: 0
use_fast: 0
use_brief: 1
use_singlescale_detector: 1

# Min dist between kps (define the number of kps)
nmaxdist: 35

# Features quality th.
nfast_th: 10
dmaxquality: 0.001 # used for gftt or singlescale

# Pre-processing
use_clahe: 1
fclahe_val: 3

# KLT related settings.
do_klt: 1
klt_use_prior: 1
btrack_keyframetoframe: 0
nklt_win_size: 9
nklt_pyr_lvl: 3

# Opencv Default: 30 iters. + 0.01 prec.
nmax_iter: 30
fmax_px_precision: 0.01

fmax_fbklt_dist: 0.5
nklt_err: 30.

# Matching th.
bdo_track_localmap: 1

fmax_desc_dist: 0.2 #0.35 # Ratio from desc size (for binary desc.) 
fmax_proj_pxdist: 2.

# Randomize RANSAC?
doepipolar: 1
dop3p : 0
bdo_random: 1
nransac_iter: 100
fransac_err: 3.

# Reproj err th.
fmax_reproj_err: 3.
buse_inv_depth: 1

# Ceres related parameters
robust_mono_th: 5.9915 # (20% : 3.2189 / 10% :  4.6052 / 5% : 5.9915 / 2%: 7.8240 / 1%: 9.2103)  

use_sparse_schur: 1
use_dogleg: 0
use_subspace_dogleg: 0
use_nonmonotic_step: 0

# Estimator parameters
apply_l2_after_robust: 1

nmin_covscore: 25 # Min co-obs for optimizing in SLAM mode BA

# Map Filtering
fkf_filtering_ratio: 0.95

# Final Pass
do_full_ba: 0